[gd_scene load_steps=6 format=2]

[ext_resource path="res://Actors/player/Player.tscn" type="PackedScene" id=1]
[ext_resource path="res://Actors/player/objects/anim_positioning_objects/Wall.tscn" type="PackedScene" id=2]

[sub_resource type="AnimationNodeStateMachinePlayback" id=1]

[sub_resource type="AnimationNodeStateMachinePlayback" id=2]

[sub_resource type="AnimationNodeStateMachinePlayback" id=3]

[node name="Spatial" type="Spatial"]

[node name="Player" parent="." instance=ExtResource( 1 )]
transform = Transform( 1, 0, 0, 0, 1, 0, 0, 0, 1, 1.94445, 7.02105, -0.84952 )

[node name="Skeleton" parent="Player/Body/Armature" index="0"]
bones/1/bound_children = [  ]
bones/13/bound_children = [  ]
bones/16/bound_children = [  ]
bones/18/bound_children = [  ]
bones/20/bound_children = [  ]
bones/42/bound_children = [  ]

[node name="LeftArmController" parent="Player/Body/Armature/Skeleton" index="1"]
transform = Transform( -1, 7.10543e-15, 1.50996e-07, -1.42109e-14, 1, -1.19209e-07, -1.50996e-07, -1.78814e-07, -1, 0.516964, 4.867, -0.017916 )

[node name="RightArmController" parent="Player/Body/Armature/Skeleton" index="2"]
transform = Transform( -1, -7.10543e-15, -1.50996e-07, 1.42109e-14, 1, -1.19209e-07, 1.50996e-07, -1.78814e-07, -1, -0.516964, 4.867, -0.017916 )

[node name="LeftHandBone" parent="Player/Body/Armature/Skeleton" index="3"]
transform = Transform( -0.913355, 0.384396, -0.134238, -0.391725, -0.919517, 0.0322319, -0.111044, 0.0820245, 0.990426, 0.878881, 3.98796, -0.0650747 )

[node name="TorsoController" parent="Player/Body/Armature/Skeleton" index="4"]
transform = Transform( 1, 0, 0, 0, 0, 1, 0, -1, 0, -4.23473e-18, 3.41759, 0.00964467 )

[node name="UpperChestBone" parent="Player/Body/Armature/Skeleton" index="5"]
transform = Transform( 1, -5.50214e-08, 5.75614e-08, 5.75614e-08, 0.998983, -0.0450993, -5.50214e-08, 0.0450993, 0.998983, 5.2336e-16, 4.57455, -0.0862274 )

[node name="LeftShoulderBone" parent="Player/Body/Armature/Skeleton" index="6"]
transform = Transform( -0.268338, 0.941562, -0.203608, 0.0317264, 0.219883, 0.975011, 0.962803, 0.255173, -0.0888752, 0.149277, 4.78114, -0.117562 )

[node name="AnimationTree" parent="Player" index="5"]
parameters/BlendTreeActionL/StateMachineActionL/playback = SubResource( 1 )
parameters/BlendTreeActionR/StateMachineActionR/playback = SubResource( 2 )
parameters/BlendTreeMotion/StateMachineMotion/playback = SubResource( 3 )

[node name="Wall" parent="." instance=ExtResource( 2 )]
transform = Transform( 1, 0, 0, 0, 1, 0, 0, 0, 1, 0, 6.85, -0.45 )

[editable path="Player"]
[editable path="Player/Body"]
[editable path="Player/Body/Ledge_Detector"]
